0 0 4096 0
1 1024 8192 0000000000000001
0 2048 12288 0
1 3072 16384 0000000000000003
0 4096 20480 0
1 5120 24576 0000000000000005
0 6144 28672 0
1 7168 32768 0000000000000007
0 8192 4096 0
1 9216 8192 0000000000000009
0 10240 12288 0
1 11264 16384 000000000000000B
0 12288 20480 0
1 13312 24576 000000000000000D
0 14336 28672 0
1 15360 32768 000000000000000F
0 16384 4096 0
1 17408 8192 0000000000000011
0 18432 12288 0
1 19456 16384 0000000000000013
0 20480 20480 0
1 21504 24576 0000000000000015
0 22528 28672 0
1 23552 32768 0000000000000017
0 24576 4096 0
1 25600 8192 0000000000000019
0 26624 12288 0
1 27648 16384 000000000000001B
0 28672 20480 0
1 29696 24576 000000000000001D
0 30720 28672 0
1 31744 32768 000000000000001F
0 32768 4096 0
1 33792 8192 0000000000000021
0 34816 12288 0
1 35840 16384 0000000000000023
0 36864 20480 0
1 37888 24576 0000000000000025
0 38912 28672 0
1 39936 32768 0000000000000027
0 40960 4096 0
1 41984 8192 0000000000000029
0 43008 12288 0
1 44032 16384 000000000000002B
0 45056 20480 0
1 46080 24576 000000000000002D
0 47104 28672 0
1 48128 32768 000000000000002F
0 49152 4096 0
1 50176 8192 0000000000000031
0 51200 12288 0
1 52224 16384 0000000000000033
0 53248 20480 0
1 54272 24576 0000000000000035
0 55296 28672 0
1 56320 32768 0000000000000037
0 57344 4096 0
1 58368 8192 0000000000000039
0 59392 12288 0
1 60416 16384 000000000000003B
0 61440 20480 0
1 62464 24576 000000000000003D
0 63488 28672 0
1 64512 32768 000000000000003F
0 65536 4096 0
1 66560 8192 0000000000000041
0 67584 12288 0
1 68608 16384 0000000000000043
0 69632 20480 0
1 70656 24576 0000000000000045
0 71680 28672 0
1 72704 32768 0000000000000047
0 73728 4096 0
1 74752 8192 0000000000000049
0 75776 12288 0
1 76800 16384 000000000000004B
0 77824 20480 0
1 78848 24576 000000000000004D
0 79872 28672 0
1 80896 32768 000000000000004F
0 81920 4096 0
1 82944 8192 0000000000000051
0 83968 12288 0
1 84992 16384 0000000000000053
0 86016 20480 0
1 87040 24576 0000000000000055
0 88064 28672 0
1 89088 32768 0000000000000057
0 90112 4096 0
1 91136 8192 0000000000000059
0 92160 12288 0
1 93184 16384 000000000000005B
0 94208 20480 0
1 95232 24576 000000000000005D
0 96256 28672 0
1 97280 32768 000000000000005F
0 98304 4096 0
1 99328 8192 0000000000000061
0 100352 12288 0
1 101376 16384 0000000000000063
